<<<<<<< HEAD
0000000000000000000000000
0000000000000000000000000
000000000000000000000000000000
0000000000300000000000000
00000000111111000000000000000
0000000000000000000
000000000000000000000300000004
000001111111100000111111111111
0200000000000000000000000
111030000000000000000000
0001111100000001000000000
0000000000000301111000000
00000000000011111111100003
111111111111111111111111111111
111111111111111111111111111111
111111111111111111111111111111
=======
000000000000
000000011000
00000000000011
001110000000
00000000000
00000000111111
000000000000
000001110000
000111000000
111000000000
>>>>>>> be47220a2d0a237f3cc7a96c748cbc1a94741040
